V 50
K 171958726000 builtin
Y 0
D 0 0 1100 850
Z 10
i 19
b 910 420 1070 740
T 920 430 7 0 3 instance of SUHD.
T 920 440 7 0 3 present  on the same
T 920 450 7 0 3 should not  both  be
T 920 470 7 0 3 Note  -  The ACKEDGE
T 920 460 7 0 3 and AGLEV attributes
b 30 520 190 740
b 710 170 870 740
b 510 60 670 740
T 35 384 7 0 3 will be INERTIAL.
T 35 392 7 0 3 default  delay  model
T 35 400 7 0 3 has been executed, the
T 35 408 7 0 3 If  no  such  command
T 45 423 7 0 3 DELAY <delay_model>
T 35 436 7 0 3 command
T 35 444 7 0 3 set using the ViewSim
T 35 452 7 0 3 delay  model  can  be
T 35 460 7 0 3 * Note -  the default
T 730 190 7 0 3 DELAYMOD=(default*)
T 530 80 7 0 3 DELAYMOD=(default*)
T 330 530 7 0 3 DELAYMOD=(default*)
T 40 550 7 0 3 DELAYMOD=(default*)
T 930 500 7 0 3 AGLEV=(not present)
T 280 420 7 0 3 TSUDA1=0
T 570 420 7 0 3 TSUJ1=0
T 730 540 7 0 3 TPHLGQN=0
T 730 550 7 0 3 TPLHGQN=0
T 730 560 7 0 3 TPHLGQ=0
T 730 570 7 0 3 TPLHGQ=0
T 930 510 7 0 3 ACKEDGE=1
T 950 520 7 0 3 THOLD1=0
T 950 530 7 0 3 THOLD0=0
T 930 540 7 0 3 THOLD=0
T 950 550 7 0 3 TSU1=0
T 950 560 7 0 3 TSU0=0
T 930 570 7 0 3 TSU=0
T 730 500 7 0 3 TPHLDQN=0
T 730 510 7 0 3 TPLHDQN=0
T 730 520 7 0 3 TPHLDQ=0
T 730 530 7 0 3 TPLHDQ=0
l 3 750 334 740 334 740 344
l 3 750 344 740 344 740 350
T 730 350 7 0 3 TPWG=0
T 750 340 7 0 3 TPWG0=0
T 750 330 7 0 3 TPWG1=0
T 730 450 7 0 3 TPLHRQ=0
T 730 440 7 0 3 TPHLRQ=0
T 730 430 7 0 3 TPLHRQN=0
T 730 420 7 0 3 TPHLRQN=0
T 550 280 7 0 3 THOLDJK1=0
T 550 290 7 0 3 THOLDJK0=0
T 750 390 7 0 3 TSUD1=0
T 750 400 7 0 3 TSUD0=0
T 730 380 7 0 3 THOLDD=0
T 730 410 7 0 3 TSUD=0
T 530 70 7 0 3 STR01=DD
l 3 260 414 250 414 250 444
l 3 260 384 250 384 250 414
l 3 260 354 250 354 250 384
T 570 300 7 0 3 THOLDK1=0
T 570 310 7 0 3 THOLDK0=0
T 570 330 7 0 3 THOLDJ1=0
T 570 340 7 0 3 THOLDJ0=0
T 550 320 7 0 3 THOLDK=0
T 550 350 7 0 3 THOLDJ=0
T 550 370 7 0 3 TSUJK1=0
T 550 380 7 0 3 TSUJK0=0
T 570 390 7 0 3 TSUK1=0
T 550 410 7 0 3 TSUK=0
T 570 400 7 0 3 TSUK0=0
T 570 430 7 0 3 TSUJ0=0
T 550 440 7 0 3 TSUJ=0
T 530 360 7 0 3 THOLDJK=0
T 530 450 7 0 3 TSUJK=0
I 19 builtin:SUHD 1 930 630 0 1 '
X 4 0
X 3 0
X 1 0
X 6 0
I 16 builtin:LAT 1 730 590 0 1 '
X 2 0
X 1 0
X 7 0
X 6 0
X 3 0
X 4 0
X 5 0
X 10 0
I 17 builtin:JK 1 530 590 0 1 '
X 2 0
X 10 0
X 5 0
X 4 0
X 8 0
X 1 0
X 3 0
X 6 0
X 7 0
I 15 builtin:DF 1 280 590 0 1 '
X 2 0
X 10 0
X 5 0
X 4 0
X 8 0
X 1 0
X 3 0
X 6 0
X 7 0
X 9 0
I 18 builtin:AO222 1 40 600 0 1 '
X 28 0
X 29 0
X 31 0
X 32 0
X 33 0
X 30 0
X 21 0
T 40 540 7 0 3 STR01=DD
T 40 560 7 0 3 TPHL=0
T 40 570 7 0 3 TPLH=0
T 890 20 14 0 5 ( BUILTIN.21 )
T 5 5 14 0 3 Copyright (c) 1985-1991 Viewlogic Systems, Inc.
T 550 765 20 0 5 REV 5.2-Alias builtin
T 550 805 20 0 5 NEW VIEWSIM BUILTINS FOR ASIC MODELING
l 3 550 254 540 254 540 264
l 3 550 264 540 264 540 270
T 550 220 7 0 3 TPHCK1=0
T 550 230 7 0 3 TPHCK0=0
T 550 250 7 0 3 TPLCK1=0
T 550 260 7 0 3 TPLCK0=0
T 530 240 7 0 3 TPHCK=0
T 530 270 7 0 3 TPLCK=0
T 530 170 7 0 3 TRECR0
T 530 160 7 0 3 TRECR1
T 530 190 7 0 3 TRECS0
T 530 530 7 0 3 TPLHSQ=0
T 530 520 7 0 3 TPHLSQ=0
T 530 510 7 0 3 TPLHSQN=0
T 530 500 7 0 3 TPHLSQN=0
T 530 490 7 0 3 TPLHRQ=0
T 530 480 7 0 3 TPHLRQ=0
T 530 470 7 0 3 TPLHRQN=0
T 530 460 7 0 3 TPHLRQN=0
T 530 540 7 0 3 TPHLCKQN=0
T 530 550 7 0 3 TPLHCKQN=0
T 530 560 7 0 3 TPHLCKQ=0
T 530 570 7 0 3 TPLHCKQ=0
T 530 210 7 0 3 TPWS
T 530 200 7 0 3 TPWR
T 530 180 7 0 3 TRECS1
T 530 150 7 0 3 THOLDS
T 530 140 7 0 3 THOLDR
T 530 130 7 0 3 TSEPSR
T 530 120 7 0 3 TSEPRS
l 3 550 224 540 224 540 234
l 3 550 234 540 234 540 240
T 530 110 7 0 3 AASYNCLEV=0
T 530 90 7 0 3 SARA=0
l 3 550 374 540 374 540 384
l 3 550 444 540 444 540 450
l 3 570 434 560 434 560 440
l 3 570 394 560 394 560 404
l 3 570 404 560 404 560 410
l 3 570 424 560 424 560 434
l 3 550 284 540 284 540 294
l 3 550 354 540 354 540 360
l 3 570 344 560 344 560 350
l 3 570 304 560 304 560 314
l 3 570 314 560 314 560 320
l 3 570 334 560 334 560 344
T 280 240 7 0 3 THOLDDS1=0
l 3 280 304 270 304 270 314
l 3 280 284 270 284 270 290
l 3 280 274 270 274 270 284
l 3 280 314 270 314 270 320
l 3 260 324 250 324 250 330
l 3 280 244 270 244 270 254
l 3 280 254 270 254 270 260
l 3 260 224 250 224 250 234
l 3 280 424 270 424 270 434
l 3 280 404 270 404 270 410
l 3 280 394 270 394 270 404
l 3 280 434 270 434 270 440
l 3 260 444 250 444 250 450
l 3 280 364 270 364 270 374
l 3 280 374 270 374 270 380
l 3 260 344 250 344 250 354
T 330 540 7 0 3 DSX2X=OFF
T 330 550 7 0 3 SARA=0
T 330 560 7 0 3 ACKEDGE=1
T 330 570 7 0 3 AASYNCLEV=0
l 3 260 174 250 174 250 180
l 3 260 164 250 164 250 174
T 240 60 7 0 3 TSEPRS
T 240 70 7 0 3 TSEPSR
T 240 80 7 0 3 THOLDR
T 240 90 7 0 3 THOLDS
T 240 120 7 0 3 TRECS1
T 240 140 7 0 3 TPWR
T 240 150 7 0 3 TPWS
T 240 570 7 0 3 TPLHCKQ=0
T 240 560 7 0 3 TPHLCKQ=0
T 240 550 7 0 3 TPLHCKQN=0
T 240 540 7 0 3 TPHLCKQN=0
T 240 460 7 0 3 TPHLRQN=0
T 240 470 7 0 3 TPLHRQN=0
T 240 480 7 0 3 TPHLRQ=0
T 240 490 7 0 3 TPLHRQ=0
T 240 500 7 0 3 TPHLSQN=0
T 240 510 7 0 3 TPLHSQN=0
T 240 520 7 0 3 TPHLSQ=0
T 240 530 7 0 3 TPLHSQ=0
T 240 130 7 0 3 TRECS0
T 240 100 7 0 3 TRECR1
T 240 110 7 0 3 TRECR0
T 240 210 7 0 3 TPLCK=0
T 240 180 7 0 3 TPHCK=0
T 260 200 7 0 3 TPLCK0=0
T 260 190 7 0 3 TPLCK1=0
T 260 170 7 0 3 TPHCK0=0
T 260 160 7 0 3 TPHCK1=0
T 240 450 7 0 3 TSUD=0
T 240 330 7 0 3 THOLDD=0
T 260 440 7 0 3 TSUDA=0
T 260 410 7 0 3 TSUDB=0
l 3 260 204 250 204 250 210
l 3 260 194 250 194 250 204
T 260 380 7 0 3 TSUDS=0
T 280 430 7 0 3 TSUDA0=0
T 280 400 7 0 3 TSUDB0=0
T 280 390 7 0 3 TSUDB1=0
T 280 370 7 0 3 TSUDS0=0
T 280 360 7 0 3 TSUDS1=0
T 260 350 7 0 3 TSUD0=0
T 260 340 7 0 3 TSUD1=0
T 260 230 7 0 3 THOLDD0=0
T 260 220 7 0 3 THOLDD1=0
T 260 320 7 0 3 THOLDDA=0
T 260 290 7 0 3 THOLDDB=0
T 260 260 7 0 3 THOLDDS=0
T 280 270 7 0 3 THOLDDB1=0
T 280 300 7 0 3 THOLDDA1=0
T 280 310 7 0 3 THOLDDA0=0
T 280 280 7 0 3 THOLDDB0=0
T 280 250 7 0 3 THOLDDS0=0
T 330 520 7 0 3 STR01=DD
l 3 260 234 250 234 250 264
l 3 260 264 250 264 250 294
l 3 260 294 250 294 250 324
l 3 550 384 540 384 540 414
l 3 550 414 540 414 540 444
l 3 550 294 540 294 540 324
l 3 550 324 540 324 540 354
l 3 750 374 740 374 740 380
l 3 750 364 740 364 740 374
l 3 750 404 740 404 740 410
l 3 750 394 740 394 740 404
T 730 200 7 0 3 SARA=0
T 730 220 7 0 3 AASYNCLEV=0
T 730 230 7 0 3 TSEPRS
T 730 240 7 0 3 TSEPSR
T 730 250 7 0 3 THOLDR
T 730 260 7 0 3 THOLDS
T 730 290 7 0 3 TRECS1
T 730 310 7 0 3 TPWR
T 730 320 7 0 3 TPWS
T 730 460 7 0 3 TPHLSQN=0
T 730 470 7 0 3 TPLHSQN=0
T 730 480 7 0 3 TPHLSQ=0
T 730 490 7 0 3 TPLHSQ=0
T 730 300 7 0 3 TRECS0
T 730 270 7 0 3 TRECR1
T 730 280 7 0 3 TRECR0
T 750 370 7 0 3 THOLDD0=0
T 750 360 7 0 3 THOLDD1=0
T 730 180 7 0 3 STR01=DD
l 3 950 554 940 554 940 564
l 3 950 564 940 564 940 570
l 3 950 524 940 524 940 534
l 3 950 534 940 534 940 540
T 530 100 7 0 3 ACKEDGE=1
T 730 210 7 0 3 AGLEV=1
b 30 380 190 470
b 230 50 470 740
E
